George Osmand,25,122.0,112.0,0.0,1.73,Gender Neutral#123.0,119.0,119.0,120.0,114.0,114.0,122.0,
April Osmand,14,153.0,161.0,0.0,1.90,Female#149.0,153.0,
Kim Lion,81,116.0,161.0,0.0,1.38,Gender Neutral#105.0,97.0,102.0,98.0,96.0,104.0,106.0,115.0,116.0,
Dave Kidney,49,108.0,163.0,0.0,1.90,Female#92.0,92.0,97.0,102.0,105.0,108.0,
Nathan Sheep,4,112.0,124.0,0.0,1.55,Gender Neutral#116.0,124.0,117.0,112.0,
April Kalaf,13,92.0,188.0,0.0,1.73,Male#92.0,93.0,97.0,92.0,
George Jordan,31,112.0,212.0,0.0,1.20,Male#130.0,130.0,127.0,129.0,121.0,123.0,114.0,108.0,117.0,112.0,
Nicole Marshall,23,64.0,216.0,0.0,1.38,Gender Neutral#80.0,73.0,75.0,78.0,69.0,68.0,68.0,64.0,
Amin Lion,12,68.0,148.0,0.0,1.73,Gender Neutral#69.0,64.0,67.0,66.0,68.0,
Rich Kain,89,123.0,102.0,0.0,1.20,Gender Neutral#110.0,119.0,123.0,

