Nathan Piper,54,62.0,204.0,0.0,1.725,Male#74.0,66.0,57.0,54.0,62.0,70.0,62.0
Nick Sheep,9,146.0,225.0,0.0,1.725,Gender Neutral#155.0,146.0
Robert Jafari,42,97.0,167.0,0.0,1.375,Gender Neutral#97.0,97.0
Nicole Jafari,76,125.0,199.0,0.0,1.725,Gender Neutral#119.0,124.0,118.0,125.0
Muhammad Kalaf,68,123.0,183.0,0.0,1.375,Female#110.0,118.0,115.0,118.0,123.0
Jordan Kidney,66,123.0,110.0,0.0,1.375,Male#93.0,98.0,105.0,105.0,113.0,107.0,116.0,123.0
Nicole Piper,73,117.0,187.0,0.0,1.9,Gender Neutral#111.0,115.0,115.0,116.0,117.0
April Sheep,5,141.0,166.0,0.0,1.2,Male#140.0,148.0,152.0,145.0,141.0
George Kalaf,26,138.0,161.0,0.0,1.9,Male#133.0,133.0,133.0,138.0
Nathan Kidney,5,136.0,176.0,0.0,1.375,Female#132.0,134.0,132.0,136.0
Adam Lion,37,128.0,103.0,0.0,1.9,Gender Neutral#144.0,138.0,137.0,131.0,127.0,131.0,128.0
Jordan Sheep,15,113.0,219.0,0.0,1.55,Male#113.0
Nicole Wang,89,67.0,157.0,0.0,1.2,Gender Neutral#79.0,79.0,70.0,72.0,70.0,70.0,67.0
Nicole Jordan,68,84.0,147.0,0.0,1.2,Male#76.0,76.0,81.0,84.0
Jain Clown,64,110.0,191.0,0.0,1.9,Gender Neutral#105.0,111.0,110.0,102.0,111.0,114.0,107.0,103.0,110.0,110.0
Dave Jafari,54,124.0,178.0,0.0,1.725,Gender Neutral#123.0,124.0
