Nicole Jafari,50,79.0,169.0,0.0,1.90,Male#75.0,79.0,
April Clown,70,51.0,152.0,0.0,1.73,Gender Neutral#51.0,
Nick Wolf,88,105.0,125.0,0.0,1.38,Male#106.0,105.0,
Dave Clown,88,161.0,110.0,0.0,1.20,Male#145.0,140.0,145.0,150.0,152.0,158.0,164.0,161.0,165.0,161.0,
Robert Kain,25,62.0,194.0,0.0,1.55,Gender Neutral#54.0,51.0,51.0,60.0,62.0,
Jain Lion,87,125.0,124.0,0.0,1.90,Female#117.0,117.0,125.0,
George Kain,72,45.0,222.0,0.0,1.90,Male#52.0,58.0,53.0,49.0,53.0,47.0,39.0,45.0,45.0,
Bob Kain,70,117.0,186.0,0.0,1.20,Male#117.0,
George Osmand,52,149.0,129.0,0.0,1.90,Gender Neutral#154.0,154.0,158.0,163.0,164.0,165.0,156.0,151.0,149.0,
Jain Marshall,44,146.0,153.0,0.0,1.73,Gender Neutral#149.0,146.0,143.0,146.0,
George Whitlock,77,98.0,158.0,0.0,1.55,Male#90.0,97.0,96.0,99.0,92.0,86.0,89.0,98.0,
Nicole Marshall,77,61.0,119.0,0.0,1.90,Male#54.0,61.0,
Amin Sheep,65,140.0,207.0,0.0,1.38,Female#140.0,
Nicole Jordan,17,122.0,150.0,0.0,1.73,Female#125.0,118.0,118.0,120.0,122.0,122.0,119.0,120.0,122.0,
Muhammad Whitlock,24,133.0,207.0,0.0,1.90,Male#133.0,
Nathan Kain,15,122.0,211.0,0.0,1.73,Male#131.0,122.0,
Adam Sheep,60,111.0,213.0,0.0,1.20,Male#111.0,
Kim Piper,28,65.0,106.0,0.0,1.55,Gender Neutral#61.0,58.0,57.0,63.0,64.0,69.0,65.0,
Robert Baker,90,82.0,220.0,0.0,1.20,Female#75.0,79.0,82.0,
Nick Yaseer,35,110.0,124.0,0.0,1.20,Gender Neutral#131.0,127.0,120.0,119.0,110.0,
George Kidney,76,64.0,103.0,0.0,1.20,Gender Neutral#60.0,56.0,56.0,60.0,60.0,64.0,
Nicole Lion,70,117.0,135.0,0.0,1.55,Gender Neutral#110.0,119.0,110.0,109.0,118.0,117.0,
Nathan Kidney,79,87.0,199.0,0.0,1.90,Gender Neutral#83.0,91.0,84.0,87.0,
Rich Kain,49,95.0,126.0,0.0,1.90,Gender Neutral#87.0,90.0,94.0,92.0,92.0,95.0,95.0,
Nicole Yaseer,13,147.0,169.0,0.0,1.38,Female#148.0,143.0,147.0,
Adam Osmand,90,110.0,158.0,0.0,1.20,Female#119.0,112.0,112.0,112.0,112.0,113.0,117.0,110.0,
Kim Wang,44,131.0,182.0,0.0,1.73,Female#122.0,121.0,126.0,129.0,136.0,140.0,132.0,133.0,133.0,131.0,
Adam Piper,70,110.0,169.0,0.0,1.73,Male#134.0,125.0,117.0,115.0,110.0,
Bob Marshall,44,64.0,203.0,0.0,1.38,Gender Neutral#65.0,59.0,64.0,59.0,64.0,56.0,49.0,54.0,63.0,64.0,
Adam Baker,86,126.0,136.0,0.0,1.90,Male#126.0,129.0,129.0,126.0,
Nicole Wang,75,67.0,159.0,0.0,1.38,Male#63.0,62.0,71.0,67.0,
April Wang,77,68.0,175.0,0.0,1.90,Gender Neutral#65.0,64.0,72.0,70.0,65.0,68.0,68.0,
Adam Marshall,66,159.0,133.0,0.0,1.90,Gender Neutral#147.0,153.0,162.0,159.0,161.0,162.0,158.0,159.0,
sdf,34,34.0,34.0,0.0,1.90,Gender Neutral#34.0,

