George Piper,78,82.0,195.0,0.0,1.9,Female#82.0
Jain Wolf,21,155.0,144.0,0.0,1.375,Female#147.0,144.0,150.0,155.0
George Kalaf,13,136.0,226.0,0.0,1.375,Gender Neutral#130.0,135.0,139.0,143.0,138.0,133.0,136.0,129.0,129.0,136.0
Nathan Wolf,88,102.0,183.0,0.0,1.725,Male#106.0,108.0,102.0
Kim Sheep,3,74.0,215.0,0.0,1.725,Gender Neutral#73.0,74.0
Nathan Clown,56,44.0,117.0,0.0,1.55,Male#58.0,54.0,49.0,44.0,50.0,46.0,46.0,44.0
April Kain,80,48.0,203.0,0.0,1.725,Male#53.0,58.0,58.0,52.0,50.0,46.0,51.0,49.0,48.0
Jain Kalaf,6,42.0,114.0,0.0,1.55,Female#54.0,56.0,50.0,42.0
Amed Piper,20,80.0,160.0,0.0,1.55,Female#80.0
Nick Yaseer,39,113.0,125.0,0.0,1.9,Gender Neutral#109.0,108.0,114.0,113.0
Robert Clown,49,135.0,122.0,0.0,1.55,Female#126.0,135.0
April Marshall,27,131.0,177.0,0.0,1.55,Gender Neutral#136.0,140.0,131.0
Rich Sheep,26,147.0,155.0,0.0,1.375,Female#148.0,147.0
Muhammad Piper,3,51.0,171.0,0.0,1.9,Male#61.0,56.0,52.0,60.0,51.0
Muhammad Whitlock,29,50.0,181.0,0.0,1.9,Female#57.0,50.0
George Jordan,21,98.0,196.0,0.0,1.9,Female#79.0,86.0,95.0,95.0,89.0,86.0,92.0,92.0,98.0
April Lion,55,134.0,224.0,0.0,1.2,Male#147.0,143.0,134.0
Amin Jordan,33,145.0,168.0,0.0,1.375,Female#146.0,145.0
Amed Lion,32,155.0,194.0,0.0,1.55,Gender Neutral#153.0,152.0,160.0,159.0,153.0,158.0,155.0
April Clown,2,129.0,208.0,0.0,1.55,Gender Neutral#134.0,129.0
Rich Marshall,48,118.0,153.0,0.0,1.725,Female#106.0,113.0,118.0
George Jafari,19,143.0,166.0,0.0,1.2,Gender Neutral#147.0,149.0,150.0,146.0,144.0,143.0
Amin Clown,42,152.0,189.0,0.0,1.9,Female#152.0
Jain Baker,33,51.0,210.0,0.0,1.55,Female#69.0,69.0,68.0,61.0,56.0,51.0
Rich Wang,11,123.0,158.0,0.0,1.55,Gender Neutral#123.0
George Whitlock,40,94.0,159.0,0.0,1.9,Female#97.0,94.0
Jordan Lion,76,100.0,188.0,0.0,1.725,Female#100.0
George Yaseer,9,82.0,217.0,0.0,1.375,Male#82.0,91.0,82.0
Muhammad Jordan,41,104.0,197.0,0.0,1.9,Female#84.0,91.0,95.0,93.0,93.0,95.0,104.0
Nathan Baker,78,153.0,210.0,0.0,1.725,Gender Neutral#154.0,145.0,144.0,153.0,150.0,153.0
